{
 "cells": [
  {
   "cell_type": "code",
   "execution_count": 1,
   "metadata": {},
   "outputs": [],
   "source": [
    "#平滑\n",
    "#平滑也叫做模糊，主要是需要一个滤波器过滤噪点。\n",
    "#至于滤波器，一般是现行滤波器。\n",
    "#g(i,j) = sum(f((i+k, j+l)))h(k,l)\n",
    "#是一个加权和。其中h(h,j)是一个核(kernel)。类似窗口滑过图像。\n",
    "#归一化滤波 Normalized Box Filter\n",
    "#高斯滤波 Gaussian Filter\n",
    "#中值滤波器 Median Filter\n",
    "#双边滤波 Bilateral Filter"
   ]
  },
  {
   "cell_type": "code",
   "execution_count": 2,
   "metadata": {},
   "outputs": [],
   "source": [
    "import cv2\n",
    "import numpy as np\n",
    "import os\n",
    "import matplotlib.pyplot as plt"
   ]
  },
  {
   "cell_type": "code",
   "execution_count": 3,
   "metadata": {},
   "outputs": [
    {
     "name": "stdout",
     "output_type": "stream",
     "text": [
      "x1 [[ 0  1  2  3]\n",
      " [ 4  5  6  7]\n",
      " [ 8  9 10 11]]\n",
      "x2 [[ 0  1  2  3  4]\n",
      " [ 5  6  7  8  9]\n",
      " [10 11 12 13 14]\n",
      " [15 16 17 18 19]]\n",
      "x3 [[1 1 1]\n",
      " [1 0 1]\n",
      " [1 1 1]]\n",
      "x4 [[ 0  1  2]\n",
      " [ 5  0  7]\n",
      " [10 11 12]]\n",
      "sum 5.333333333333333\n",
      "filted x2 [[ 0  1  2  3  4]\n",
      " [ 5  5  7  8  9]\n",
      " [10 11 12 13 14]\n",
      " [15 16 17 18 19]]\n",
      "x4 [[ 1  2  3]\n",
      " [ 5  0  8]\n",
      " [11 12 13]]\n",
      "sum 6.111111111111111\n",
      "filted x2 [[ 0  1  2  3  4]\n",
      " [ 5  5  6  8  9]\n",
      " [10 11 12 13 14]\n",
      " [15 16 17 18 19]]\n",
      "x4 [[ 5  5  6]\n",
      " [10  0 12]\n",
      " [15 16 17]]\n",
      "sum 9.555555555555555\n",
      "filted x2 [[ 0  1  2  3  4]\n",
      " [ 5  5  6  8  9]\n",
      " [10  9 12 13 14]\n",
      " [15 16 17 18 19]]\n",
      "x4 [[ 5  6  8]\n",
      " [ 9  0 13]\n",
      " [16 17 18]]\n",
      "sum 10.222222222222221\n",
      "filted x2 [[ 0  1  2  3  4]\n",
      " [ 5  5  6  8  9]\n",
      " [10  9 10 13 14]\n",
      " [15 16 17 18 19]]\n"
     ]
    }
   ],
   "source": [
    "#几个基本的numpy函数\n",
    "x1 = np.arange(12)\n",
    "x1 = np.reshape(x1, (3,4))\n",
    "print(\"x1\", x1)\n",
    "x2 = np.arange(20)\n",
    "x2 = np.reshape(x2, (4,5))\n",
    "print(\"x2\", x2)\n",
    "x3 = np.array([[1,1,1],[1,0,1],[1,1,1]])\n",
    "x3 = x3*x3\n",
    "print(\"x3\", x3)\n",
    "#如何计算kernel和原图的“乘”呢？\n",
    "#利用np同维度的数组乘法。它是对应元素相乘。\n",
    "for i in range(1,3):\n",
    "    for j in range(1,3):\n",
    "        x4 = x3 *x2[i-1:i+2, j-1:j+2]\n",
    "        sum = np.sum(x4)/9\n",
    "        print(\"x4\", x4)\n",
    "        print(\"sum\", sum)\n",
    "        x2[i,j] = sum\n",
    "        print(\"filted x2\", x2)\n",
    "        "
   ]
  },
  {
   "cell_type": "code",
   "execution_count": 4,
   "metadata": {},
   "outputs": [],
   "source": [
    "#添加噪声\n",
    "def random_noise_generator(src):\n",
    "    # 加上高斯噪声\n",
    "    param=25\n",
    "    # 灰阶范围\n",
    "    grayscale=256\n",
    "    w=src.shape[1]\n",
    "    h=src.shape[0]\n",
    "    newsrc=np.zeros((h,w),np.uint8)\n",
    "    \n",
    "    for x in range(0,h):\n",
    "        for y in range(0,w,2):\n",
    "            r1 = np.random.random_sample()\n",
    "            r2 = np.random.random_sample()\n",
    "            z1=param*np.cos(2*np.pi*r2)*np.sqrt((-2)*np.log(r1))\n",
    "            z2=param*np.sin(2*np.pi*r2)*np.sqrt((-2)*np.log(r1))\n",
    "    \n",
    "            fxy=int(src[x,y]+z1)\n",
    "            fxy1 = int(src[x,y+1]+z2)\n",
    "            #f(x,y)\n",
    "            if fxy<0:\n",
    "                fxy_val=0\n",
    "            elif fxy>grayscale-1:\n",
    "                fxy_val=grayscale-1\n",
    "            else:\n",
    "                fxy_val=fxy\n",
    "            #f(x,y+1)\n",
    "            if fxy1<0:\n",
    "                fxy1_val=0\n",
    "            elif fxy1>grayscale-1:\n",
    "                fxy1_val=grayscale-1\n",
    "            else:\n",
    "                fxy1_val=fxy1\n",
    "            newsrc[x,y]=fxy_val\n",
    "            newsrc[x,y+1]=fxy1_val\n",
    "        #print(\"-\")\n",
    "    return newsrc"
   ]
  },
  {
   "cell_type": "code",
   "execution_count": 5,
   "metadata": {},
   "outputs": [],
   "source": [
    "def normalized_box_filter(src,k_w=5, k_h=5):\n",
    "    h = src.shape[0]\n",
    "    w = src.shape[1]\n",
    "    dest = np.zeros((h,w),np.uint8)\n",
    "    kernel = np.ones((k_h,k_w),np.uint8)\n",
    "    dest = src.copy()\n",
    "    sum = 0\n",
    "    #print(\"src.shape\", src.shape)\n",
    "    k1 = int(k_w/2) #转成int型\n",
    "    k2 = int(k_h/2)\n",
    "    for i in range(k1,h-k1-1):\n",
    "        for j in range(k2,w-k2-1):\n",
    "            temp = kernel*src[(i-k1):(i+k1+1), (j-k2):(j+k2+1)]\n",
    "            #print(\"i\", i)\n",
    "            #print(\"j\", j)\n",
    "            #print(\"temp\", temp)\n",
    "            sum = np.sum(temp)/(k_w*k_h)\n",
    "            dest[i,j] = sum\n",
    "    return dest\n",
    "    "
   ]
  },
  {
   "cell_type": "code",
   "execution_count": 6,
   "metadata": {},
   "outputs": [],
   "source": [
    "def median_filter(src,k_w=5, k_h=5):\n",
    "    h = src.shape[0]\n",
    "    w = src.shape[1]\n",
    "    dest = np.zeros((h,w),np.uint8)\n",
    "    kernel = np.ones((k_h,k_w),np.uint8)\n",
    "    dest = src.copy()\n",
    "    sum = 0\n",
    "    #print(\"src.shape\", src.shape)\n",
    "    k1 = int(k_w/2) #转成int型\n",
    "    k2 = int(k_h/2)\n",
    "    for i in range(k1,h-k1-1):\n",
    "        for j in range(k2,w-k2-1):\n",
    "            temp = np.median(src[(i-k1):(i+k1+1), (j-k2):(j+k2+1)])\n",
    "            dest[i,j] = temp\n",
    "    return dest"
   ]
  },
  {
   "cell_type": "code",
   "execution_count": 7,
   "metadata": {},
   "outputs": [],
   "source": [
    "#如果sigma较小，那么生成的模板的中心系数较大，而周围的系数较小，这样对图像的平滑效果就不是很明显；\n",
    "#反之,sigma较大，则生成的模板的各个系数相差就不是很大，比较类似均值模板，对图像的平滑效果比较明显\n",
    "#也就是:\n",
    "#sigma越大，分布越分散，各部分比重差别不大，于是生成的模板各元素值差别不大，类似于平均模板；\n",
    "#sigma越小，分布越集中，中间部分所占比重远远高于其他部分，反映到高斯模板上就是中心元素值远远大于其他元素值，于是自然而然就相当于中间值得点运算。\n",
    "#https://www.cnblogs.com/wangguchangqing/p/6407717.html#autoid-2-0-0\n",
    "def Gaussian_filter(src, sigma=1.0, k_w = 3, k_h = 3):\n",
    "    #产生高斯核\n",
    "    h = src.shape[0]\n",
    "    w = src.shape[1]\n",
    "    dest = np.zeros((h,w), np.uint8)\n",
    "    kernel = np.zeros((k_h,k_w), np.float)\n",
    "    dest = src.copy()\n",
    "    \n",
    "    for i in range(k_h):\n",
    "        for j in range(k_w):\n",
    "            n = -(np.power(i,2)+np.power(j,2))/(2*np.power(sigma,2))\n",
    "            #np.exp(n) n意味着e的n次方\n",
    "            #print(\"n:\", n)\n",
    "            #print(\"(%d, %d) np.exp(%d):\", i, j, n, np.exp(n))\n",
    "            kernel[i,j] = np.exp(n)/(2*3.14*np.power(sigma,2))\n",
    "    #归一化操作\n",
    "    kernel=kernel/np.sum(kernel)\n",
    "    #print(\"kernel,sum\", kernel,np.sum(kernel))\n",
    "    \n",
    "    \n",
    "    k1 = int(k_w/2) #转成int型\n",
    "    k2 = int(k_h/2)\n",
    "    for i in range(k1,h-k1-1):\n",
    "        for j in range(k2,w-k2-1):\n",
    "            temp = kernel*src[(i-k1):(i+k1+1), (j-k2):(j+k2+1)]\n",
    "            dest[i,j] = np.sum(temp)\n",
    "    return dest"
   ]
  },
  {
   "cell_type": "code",
   "execution_count": 85,
   "metadata": {},
   "outputs": [],
   "source": [
    "def bilateral_filter(src, k_w=5, k_h=5, sigma_d = 0.2, sigma_r=2):\n",
    "    h = src.shape[0]\n",
    "    w = src.shape[1]\n",
    "    #计算spatial kernel\n",
    "    gaussian_d_coeff = -0.5*sigma_d*sigma_d\n",
    "    gaussian_r_coeff = -0.5*sigma_r*sigma_r\n",
    "    dest = np.zeros((h,w), np.uint8)\n",
    "    dest = src.copy()\n",
    "    #print(\"gaussian_d_coeff\",gaussian_d_coeff)\n",
    "    #print(\"gaussian_r_coeff\",gaussian_r_coeff)\n",
    "    kernel_d = np.zeros((k_w,k_h), np.float)\n",
    "    metrix_r = np.zeros(256,np.float)\n",
    "    for i in range(k_h):\n",
    "        for j in range(k_w):\n",
    "            kernel_d[i,j] = np.exp((np.power((k_w/2-i), 2)+np.power((k_h/2-j),2))*gaussian_d_coeff)\n",
    "    #print(\"kernel_d\", kernel_d)\n",
    "    #计算similarity矩阵\n",
    "    for i in range(256):\n",
    "        metrix_r[i] = np.exp(i*i*gaussian_r_coeff)\n",
    "    #print(\"metrix_r\", metrix_r)\n",
    "    \n",
    "    \n",
    "    r = int(k_w/2) #转成int型\n",
    "    #k2 = int(k_h/2)\n",
    "    for i in range(r,h-r-1):\n",
    "        for j in range(r,w-r-1):\n",
    "            print(\"src[i,j]\",src[i,j])\n",
    "            print(\"src[i+r,j]\",src[i+r,j])\n",
    "            index = np.abs(src[i,j]-src[i+r,j])\n",
    "            if index > 255:\n",
    "                index = 255\n",
    "            weight = kernel_d*metrix_r[index]\n",
    "            print(\"weight\",weight)\n",
    "            temp = weight*src[(i-r):(i+r+1), (j-r):(j+r+1)]\n",
    "            temp.dtype = 'int32' \n",
    "            print(\"temp\",temp)\n",
    "            dest[i,j] = dest[i,j] + np.sum(temp)"
   ]
  },
  {
   "cell_type": "code",
   "execution_count": 86,
   "metadata": {},
   "outputs": [
    {
     "name": "stdout",
     "output_type": "stream",
     "text": [
      "src[i,j] 139\n",
      "src[i+r,j] 178\n",
      "weight [[0. 0. 0. 0. 0.]\n",
      " [0. 0. 0. 0. 0.]\n",
      " [0. 0. 0. 0. 0.]\n",
      " [0. 0. 0. 0. 0.]\n",
      " [0. 0. 0. 0. 0.]]\n",
      "temp [[0. 0. 0. 0. 0.]\n",
      " [0. 0. 0. 0. 0.]\n",
      " [0. 0. 0. 0. 0.]\n",
      " [0. 0. 0. 0. 0.]\n",
      " [0. 0. 0. 0. 0.]]\n",
      "src[i,j] 122\n",
      "src[i+r,j] 117\n",
      "weight [[1.50211189e-22 1.62721839e-22 1.69362643e-22 1.69362643e-22\n",
      "  1.62721839e-22]\n",
      " [1.62721839e-22 1.76274463e-22 1.83468361e-22 1.83468361e-22\n",
      "  1.76274463e-22]\n",
      " [1.69362643e-22 1.83468361e-22 1.90955847e-22 1.90955847e-22\n",
      "  1.83468361e-22]\n",
      " [1.69362643e-22 1.83468361e-22 1.90955847e-22 1.90955847e-22\n",
      "  1.83468361e-22]\n",
      " [1.62721839e-22 1.76274463e-22 1.83468361e-22 1.83468361e-22\n",
      "  1.76274463e-22]]\n",
      "temp [[2.14802001e-20 2.65236597e-20 2.70980229e-20 2.33720447e-20\n",
      "  2.24556137e-20]\n",
      " [2.99408183e-20 2.27394058e-20 2.78871908e-20 1.70625576e-20\n",
      "  2.11529356e-20]\n",
      " [3.37031659e-20 2.55021021e-20 2.32966133e-20 1.81408054e-20\n",
      "  1.81633677e-20]\n",
      " [2.08316051e-20 2.34839502e-20 2.88343328e-20 1.24121300e-20\n",
      "  1.19254435e-20]\n",
      " [1.95266206e-20 3.13768545e-20 2.14657982e-20 1.92641779e-20\n",
      "  1.19866635e-20]]\n",
      "src[i,j] 95\n",
      "src[i+r,j] 105\n",
      "weight [[0. 0. 0. 0. 0.]\n",
      " [0. 0. 0. 0. 0.]\n",
      " [0. 0. 0. 0. 0.]\n",
      " [0. 0. 0. 0. 0.]\n",
      " [0. 0. 0. 0. 0.]]\n",
      "temp [[0. 0. 0. 0. 0.]\n",
      " [0. 0. 0. 0. 0.]\n",
      " [0. 0. 0. 0. 0.]\n",
      " [0. 0. 0. 0. 0.]\n",
      " [0. 0. 0. 0. 0.]]\n",
      "src[i,j] 99\n",
      "src[i+r,j] 68\n",
      "weight [[0. 0. 0. 0. 0.]\n",
      " [0. 0. 0. 0. 0.]\n",
      " [0. 0. 0. 0. 0.]\n",
      " [0. 0. 0. 0. 0.]\n",
      " [0. 0. 0. 0. 0.]]\n",
      "temp [[0. 0. 0. 0. 0.]\n",
      " [0. 0. 0. 0. 0.]\n",
      " [0. 0. 0. 0. 0.]\n",
      " [0. 0. 0. 0. 0.]\n",
      " [0. 0. 0. 0. 0.]]\n",
      "src[i,j] 76\n",
      "src[i+r,j] 101\n",
      "weight [[0. 0. 0. 0. 0.]\n",
      " [0. 0. 0. 0. 0.]\n",
      " [0. 0. 0. 0. 0.]\n",
      " [0. 0. 0. 0. 0.]\n",
      " [0. 0. 0. 0. 0.]]\n",
      "temp [[0. 0. 0. 0. 0.]\n",
      " [0. 0. 0. 0. 0.]\n",
      " [0. 0. 0. 0. 0.]\n",
      " [0. 0. 0. 0. 0.]\n",
      " [0. 0. 0. 0. 0.]]\n",
      "src[i,j] 139\n",
      "src[i+r,j] 107\n",
      "weight [[0. 0. 0. 0. 0.]\n",
      " [0. 0. 0. 0. 0.]\n",
      " [0. 0. 0. 0. 0.]\n",
      " [0. 0. 0. 0. 0.]\n",
      " [0. 0. 0. 0. 0.]]\n",
      "temp [[0. 0. 0. 0. 0.]\n",
      " [0. 0. 0. 0. 0.]\n",
      " [0. 0. 0. 0. 0.]\n",
      " [0. 0. 0. 0. 0.]\n",
      " [0. 0. 0. 0. 0.]]\n",
      "src[i,j] 126\n",
      "src[i+r,j] 139\n",
      "weight [[0. 0. 0. 0. 0.]\n",
      " [0. 0. 0. 0. 0.]\n",
      " [0. 0. 0. 0. 0.]\n",
      " [0. 0. 0. 0. 0.]\n",
      " [0. 0. 0. 0. 0.]]\n",
      "temp [[0. 0. 0. 0. 0.]\n",
      " [0. 0. 0. 0. 0.]\n",
      " [0. 0. 0. 0. 0.]\n",
      " [0. 0. 0. 0. 0.]\n",
      " [0. 0. 0. 0. 0.]]\n",
      "src[i,j] 144\n",
      "src[i+r,j] 162\n",
      "weight [[0. 0. 0. 0. 0.]\n",
      " [0. 0. 0. 0. 0.]\n",
      " [0. 0. 0. 0. 0.]\n",
      " [0. 0. 0. 0. 0.]\n",
      " [0. 0. 0. 0. 0.]]\n",
      "temp [[0. 0. 0. 0. 0.]\n",
      " [0. 0. 0. 0. 0.]\n",
      " [0. 0. 0. 0. 0.]\n",
      " [0. 0. 0. 0. 0.]\n",
      " [0. 0. 0. 0. 0.]]\n",
      "src[i,j] 108\n",
      "src[i+r,j] 102\n",
      "weight [[4.19009319e-32 4.53907377e-32 4.72431688e-32 4.72431688e-32\n",
      "  4.53907377e-32]\n",
      " [4.53907377e-32 4.91711991e-32 5.11779138e-32 5.11779138e-32\n",
      "  4.91711991e-32]\n",
      " [4.72431688e-32 5.11779138e-32 5.32665241e-32 5.32665241e-32\n",
      "  5.11779138e-32]\n",
      " [4.72431688e-32 5.11779138e-32 5.32665241e-32 5.32665241e-32\n",
      "  5.11779138e-32]\n",
      " [4.53907377e-32 4.91711991e-32 5.11779138e-32 5.11779138e-32\n",
      "  4.91711991e-32]]\n",
      "temp [[6.28513979e-30 6.71782918e-30 6.56680047e-30 5.76366660e-30\n",
      "  6.40009402e-30]\n",
      " [5.49227926e-30 5.55634550e-30 6.80666254e-30 6.44841714e-30\n",
      "  8.45744625e-30]\n",
      " [5.95263927e-30 7.36961959e-30 5.75278461e-30 9.53470782e-30\n",
      "  8.18846622e-30]\n",
      " [5.76366660e-30 5.93663801e-30 5.32665241e-30 7.61711295e-30\n",
      "  7.93257665e-30]\n",
      " [6.30931254e-30 7.96573426e-30 5.22014721e-30 5.98781592e-30\n",
      "  6.04805749e-30]]\n",
      "src[i,j] 179\n",
      "src[i+r,j] 117\n",
      "weight [[0. 0. 0. 0. 0.]\n",
      " [0. 0. 0. 0. 0.]\n",
      " [0. 0. 0. 0. 0.]\n",
      " [0. 0. 0. 0. 0.]\n",
      " [0. 0. 0. 0. 0.]]\n",
      "temp [[0. 0. 0. 0. 0.]\n",
      " [0. 0. 0. 0. 0.]\n",
      " [0. 0. 0. 0. 0.]\n",
      " [0. 0. 0. 0. 0.]\n",
      " [0. 0. 0. 0. 0.]]\n",
      "src[i,j] 160\n",
      "src[i+r,j] 123\n",
      "weight [[0. 0. 0. 0. 0.]\n",
      " [0. 0. 0. 0. 0.]\n",
      " [0. 0. 0. 0. 0.]\n",
      " [0. 0. 0. 0. 0.]\n",
      " [0. 0. 0. 0. 0.]]\n",
      "temp [[0. 0. 0. 0. 0.]\n",
      " [0. 0. 0. 0. 0.]\n",
      " [0. 0. 0. 0. 0.]\n",
      " [0. 0. 0. 0. 0.]\n",
      " [0. 0. 0. 0. 0.]]\n",
      "src[i,j] 137\n",
      "src[i+r,j] 169\n",
      "weight [[0. 0. 0. 0. 0.]\n",
      " [0. 0. 0. 0. 0.]\n",
      " [0. 0. 0. 0. 0.]\n",
      " [0. 0. 0. 0. 0.]\n",
      " [0. 0. 0. 0. 0.]]\n",
      "temp [[0. 0. 0. 0. 0.]\n",
      " [0. 0. 0. 0. 0.]\n",
      " [0. 0. 0. 0. 0.]\n",
      " [0. 0. 0. 0. 0.]\n",
      " [0. 0. 0. 0. 0.]]\n",
      "src[i,j] 146\n",
      "src[i+r,j] 183\n",
      "weight [[0. 0. 0. 0. 0.]\n",
      " [0. 0. 0. 0. 0.]\n",
      " [0. 0. 0. 0. 0.]\n",
      " [0. 0. 0. 0. 0.]\n",
      " [0. 0. 0. 0. 0.]]\n",
      "temp [[0. 0. 0. 0. 0.]\n",
      " [0. 0. 0. 0. 0.]\n",
      " [0. 0. 0. 0. 0.]\n",
      " [0. 0. 0. 0. 0.]\n",
      " [0. 0. 0. 0. 0.]]\n",
      "src[i,j] 123\n",
      "src[i+r,j] 194\n",
      "weight [[0. 0. 0. 0. 0.]\n",
      " [0. 0. 0. 0. 0.]\n",
      " [0. 0. 0. 0. 0.]\n",
      " [0. 0. 0. 0. 0.]\n",
      " [0. 0. 0. 0. 0.]]\n",
      "temp [[0. 0. 0. 0. 0.]\n",
      " [0. 0. 0. 0. 0.]\n",
      " [0. 0. 0. 0. 0.]\n",
      " [0. 0. 0. 0. 0.]\n",
      " [0. 0. 0. 0. 0.]]\n",
      "src[i,j] 125\n",
      "src[i+r,j] 211\n",
      "weight [[0. 0. 0. 0. 0.]\n",
      " [0. 0. 0. 0. 0.]\n",
      " [0. 0. 0. 0. 0.]\n",
      " [0. 0. 0. 0. 0.]\n",
      " [0. 0. 0. 0. 0.]]\n",
      "temp [[0. 0. 0. 0. 0.]\n",
      " [0. 0. 0. 0. 0.]\n",
      " [0. 0. 0. 0. 0.]\n",
      " [0. 0. 0. 0. 0.]\n",
      " [0. 0. 0. 0. 0.]]\n",
      "src[i,j] 116\n",
      "src[i+r,j] 143\n",
      "weight [[0. 0. 0. 0. 0.]\n",
      " [0. 0. 0. 0. 0.]\n",
      " [0. 0. 0. 0. 0.]\n",
      " [0. 0. 0. 0. 0.]\n",
      " [0. 0. 0. 0. 0.]]\n",
      "temp [[0. 0. 0. 0. 0.]\n",
      " [0. 0. 0. 0. 0.]\n",
      " [0. 0. 0. 0. 0.]\n",
      " [0. 0. 0. 0. 0.]\n",
      " [0. 0. 0. 0. 0.]]\n",
      "src[i,j] 108\n",
      "src[i+r,j] 103\n",
      "weight [[1.50211189e-22 1.62721839e-22 1.69362643e-22 1.69362643e-22\n",
      "  1.62721839e-22]\n",
      " [1.62721839e-22 1.76274463e-22 1.83468361e-22 1.83468361e-22\n",
      "  1.76274463e-22]\n",
      " [1.69362643e-22 1.83468361e-22 1.90955847e-22 1.90955847e-22\n",
      "  1.83468361e-22]\n",
      " [1.69362643e-22 1.83468361e-22 1.90955847e-22 1.90955847e-22\n",
      "  1.83468361e-22]\n",
      " [1.62721839e-22 1.76274463e-22 1.83468361e-22 1.83468361e-22\n",
      "  1.76274463e-22]]\n",
      "temp [[1.59223861e-20 2.13165609e-20 1.99847919e-20 1.30409235e-20\n",
      "  2.22928919e-20]\n",
      " [2.34319448e-20 1.46307805e-20 2.09153931e-20 2.62359756e-20\n",
      "  2.64411695e-20]\n",
      " [2.11703304e-20 2.12823299e-20 2.06232314e-20 2.11960990e-20\n",
      "  2.45847603e-20]\n",
      " [2.84529240e-20 2.99053428e-20 2.90252887e-20 2.21508782e-20\n",
      "  2.07319248e-20]\n",
      " [3.43343080e-20 2.52072483e-20 1.88972412e-20 3.04557479e-20\n",
      "  1.90376421e-20]]\n",
      "src[i,j] 111\n",
      "src[i+r,j] 166\n",
      "weight [[0. 0. 0. 0. 0.]\n",
      " [0. 0. 0. 0. 0.]\n",
      " [0. 0. 0. 0. 0.]\n",
      " [0. 0. 0. 0. 0.]\n",
      " [0. 0. 0. 0. 0.]]\n",
      "temp [[0. 0. 0. 0. 0.]\n",
      " [0. 0. 0. 0. 0.]\n",
      " [0. 0. 0. 0. 0.]\n",
      " [0. 0. 0. 0. 0.]\n",
      " [0. 0. 0. 0. 0.]]\n",
      "src[i,j] 134\n",
      "src[i+r,j] 108\n",
      "weight [[0. 0. 0. 0. 0.]\n",
      " [0. 0. 0. 0. 0.]\n",
      " [0. 0. 0. 0. 0.]\n",
      " [0. 0. 0. 0. 0.]\n",
      " [0. 0. 0. 0. 0.]]\n",
      "temp [[0. 0. 0. 0. 0.]\n",
      " [0. 0. 0. 0. 0.]\n",
      " [0. 0. 0. 0. 0.]\n",
      " [0. 0. 0. 0. 0.]\n",
      " [0. 0. 0. 0. 0.]]\n",
      "src[i,j] 176\n",
      "src[i+r,j] 116\n",
      "weight [[0. 0. 0. 0. 0.]\n",
      " [0. 0. 0. 0. 0.]\n",
      " [0. 0. 0. 0. 0.]\n",
      " [0. 0. 0. 0. 0.]\n",
      " [0. 0. 0. 0. 0.]]\n",
      "temp [[0. 0. 0. 0. 0.]\n",
      " [0. 0. 0. 0. 0.]\n",
      " [0. 0. 0. 0. 0.]\n",
      " [0. 0. 0. 0. 0.]\n",
      " [0. 0. 0. 0. 0.]]\n",
      "src[i,j] 136\n",
      "src[i+r,j] 176\n",
      "weight [[0. 0. 0. 0. 0.]\n",
      " [0. 0. 0. 0. 0.]\n",
      " [0. 0. 0. 0. 0.]\n",
      " [0. 0. 0. 0. 0.]\n",
      " [0. 0. 0. 0. 0.]]\n",
      "temp [[0. 0. 0. 0. 0.]\n",
      " [0. 0. 0. 0. 0.]\n",
      " [0. 0. 0. 0. 0.]\n",
      " [0. 0. 0. 0. 0.]\n",
      " [0. 0. 0. 0. 0.]]\n",
      "src[i,j] 185\n",
      "src[i+r,j] 115\n",
      "weight [[0. 0. 0. 0. 0.]\n",
      " [0. 0. 0. 0. 0.]\n",
      " [0. 0. 0. 0. 0.]\n",
      " [0. 0. 0. 0. 0.]\n",
      " [0. 0. 0. 0. 0.]]\n",
      "temp [[0. 0. 0. 0. 0.]\n",
      " [0. 0. 0. 0. 0.]\n",
      " [0. 0. 0. 0. 0.]\n",
      " [0. 0. 0. 0. 0.]\n",
      " [0. 0. 0. 0. 0.]]\n",
      "src[i,j] 156\n",
      "src[i+r,j] 132\n",
      "weight [[0. 0. 0. 0. 0.]\n",
      " [0. 0. 0. 0. 0.]\n",
      " [0. 0. 0. 0. 0.]\n",
      " [0. 0. 0. 0. 0.]\n",
      " [0. 0. 0. 0. 0.]]\n",
      "temp [[0. 0. 0. 0. 0.]\n",
      " [0. 0. 0. 0. 0.]\n",
      " [0. 0. 0. 0. 0.]\n",
      " [0. 0. 0. 0. 0.]\n",
      " [0. 0. 0. 0. 0.]]\n",
      "src[i,j] 112\n",
      "src[i+r,j] 83\n",
      "weight [[0. 0. 0. 0. 0.]\n",
      " [0. 0. 0. 0. 0.]\n",
      " [0. 0. 0. 0. 0.]\n",
      " [0. 0. 0. 0. 0.]\n",
      " [0. 0. 0. 0. 0.]]\n",
      "temp [[0. 0. 0. 0. 0.]\n",
      " [0. 0. 0. 0. 0.]\n",
      " [0. 0. 0. 0. 0.]\n",
      " [0. 0. 0. 0. 0.]\n",
      " [0. 0. 0. 0. 0.]]\n",
      "src[i,j] 182\n",
      "src[i+r,j] 162\n",
      "weight [[0. 0. 0. 0. 0.]\n",
      " [0. 0. 0. 0. 0.]\n",
      " [0. 0. 0. 0. 0.]\n",
      " [0. 0. 0. 0. 0.]\n",
      " [0. 0. 0. 0. 0.]]\n",
      "temp [[0. 0. 0. 0. 0.]\n",
      " [0. 0. 0. 0. 0.]\n",
      " [0. 0. 0. 0. 0.]\n",
      " [0. 0. 0. 0. 0.]\n",
      " [0. 0. 0. 0. 0.]]\n",
      "src[i,j] 137\n",
      "src[i+r,j] 125\n",
      "weight [[6.52552701e-126 7.06901902e-126 7.35751115e-126 7.35751115e-126\n",
      "  7.06901902e-126]\n",
      " [7.06901902e-126 7.65777688e-126 7.97029668e-126 7.97029668e-126\n",
      "  7.65777688e-126]\n",
      " [7.35751115e-126 7.97029668e-126 8.29557066e-126 8.29557066e-126\n",
      "  7.97029668e-126]\n",
      " [7.35751115e-126 7.97029668e-126 8.29557066e-126 8.29557066e-126\n",
      "  7.97029668e-126]\n",
      " [7.06901902e-126 7.65777688e-126 7.97029668e-126 7.97029668e-126\n",
      "  7.65777688e-126]]\n",
      "temp [[1.22679908e-123 1.06035285e-123 9.19688894e-124 6.25388448e-124\n",
      "  7.21039940e-124]\n",
      " [1.43501086e-123 1.78426201e-123 1.02019798e-123 9.56435602e-124\n",
      "  9.11275449e-124]\n",
      " [8.24041249e-124 1.45059400e-123 1.13649318e-123 9.37399485e-124\n",
      "  8.92673229e-124]\n",
      " [1.19191681e-123 1.29118806e-123 1.65911413e-123 1.11990204e-123\n",
      "  2.47079197e-124]\n",
      " [5.86728578e-124 1.24055985e-123 9.96287086e-124 6.69504921e-124\n",
      "  6.89199919e-125]]\n",
      "src[i,j] 113\n",
      "src[i+r,j] 84\n",
      "weight [[0. 0. 0. 0. 0.]\n",
      " [0. 0. 0. 0. 0.]\n",
      " [0. 0. 0. 0. 0.]\n",
      " [0. 0. 0. 0. 0.]\n",
      " [0. 0. 0. 0. 0.]]\n",
      "temp [[0. 0. 0. 0. 0.]\n",
      " [0. 0. 0. 0. 0.]\n",
      " [0. 0. 0. 0. 0.]\n",
      " [0. 0. 0. 0. 0.]\n",
      " [0. 0. 0. 0. 0.]]\n",
      "src[i,j] 128\n",
      "src[i+r,j] 138\n",
      "weight [[0. 0. 0. 0. 0.]\n",
      " [0. 0. 0. 0. 0.]\n",
      " [0. 0. 0. 0. 0.]\n",
      " [0. 0. 0. 0. 0.]\n",
      " [0. 0. 0. 0. 0.]]\n",
      "temp [[0. 0. 0. 0. 0.]\n",
      " [0. 0. 0. 0. 0.]\n",
      " [0. 0. 0. 0. 0.]\n",
      " [0. 0. 0. 0. 0.]\n",
      " [0. 0. 0. 0. 0.]]\n",
      "src[i,j] 151\n",
      "src[i+r,j] 166\n",
      "weight [[0. 0. 0. 0. 0.]\n",
      " [0. 0. 0. 0. 0.]\n",
      " [0. 0. 0. 0. 0.]\n",
      " [0. 0. 0. 0. 0.]\n",
      " [0. 0. 0. 0. 0.]]\n",
      "temp [[0. 0. 0. 0. 0.]\n",
      " [0. 0. 0. 0. 0.]\n",
      " [0. 0. 0. 0. 0.]\n",
      " [0. 0. 0. 0. 0.]\n",
      " [0. 0. 0. 0. 0.]]\n",
      "src[i,j] 65\n",
      "src[i+r,j] 60\n",
      "weight [[1.50211189e-22 1.62721839e-22 1.69362643e-22 1.69362643e-22\n",
      "  1.62721839e-22]\n",
      " [1.62721839e-22 1.76274463e-22 1.83468361e-22 1.83468361e-22\n",
      "  1.76274463e-22]\n",
      " [1.69362643e-22 1.83468361e-22 1.90955847e-22 1.90955847e-22\n",
      "  1.83468361e-22]\n",
      " [1.69362643e-22 1.83468361e-22 1.90955847e-22 1.90955847e-22\n",
      "  1.83468361e-22]\n",
      " [1.62721839e-22 1.76274463e-22 1.83468361e-22 1.83468361e-22\n",
      "  1.76274463e-22]]\n",
      "temp [[1.93772434e-20 2.47337195e-20 1.57507258e-20 2.03235171e-20\n",
      "  2.37573884e-20]\n",
      " [2.26183356e-20 2.15054845e-20 1.74294943e-20 1.81633677e-20\n",
      "  1.33968592e-20]\n",
      " [2.16784183e-20 2.77037225e-20 1.24121300e-20 1.24121300e-20\n",
      "  1.94476462e-20]\n",
      " [3.01465504e-20 2.14657982e-20 2.00503639e-20 1.29849976e-20\n",
      "  1.85303044e-20]\n",
      " [2.24556137e-20 2.92615609e-20 1.10081016e-20 1.98145830e-20\n",
      "  2.25631313e-20]]\n",
      "src[i,j] 65\n",
      "src[i+r,j] 108\n",
      "weight [[0. 0. 0. 0. 0.]\n",
      " [0. 0. 0. 0. 0.]\n",
      " [0. 0. 0. 0. 0.]\n",
      " [0. 0. 0. 0. 0.]\n",
      " [0. 0. 0. 0. 0.]]\n",
      "temp [[0. 0. 0. 0. 0.]\n",
      " [0. 0. 0. 0. 0.]\n",
      " [0. 0. 0. 0. 0.]\n",
      " [0. 0. 0. 0. 0.]\n",
      " [0. 0. 0. 0. 0.]]\n",
      "src[i,j] 106\n",
      "src[i+r,j] 128\n",
      "weight [[0. 0. 0. 0. 0.]\n",
      " [0. 0. 0. 0. 0.]\n",
      " [0. 0. 0. 0. 0.]\n",
      " [0. 0. 0. 0. 0.]\n",
      " [0. 0. 0. 0. 0.]]\n",
      "temp [[0. 0. 0. 0. 0.]\n",
      " [0. 0. 0. 0. 0.]\n",
      " [0. 0. 0. 0. 0.]\n",
      " [0. 0. 0. 0. 0.]\n",
      " [0. 0. 0. 0. 0.]]\n",
      "src[i,j] 58\n",
      "src[i+r,j] 132\n",
      "weight [[0. 0. 0. 0. 0.]\n",
      " [0. 0. 0. 0. 0.]\n",
      " [0. 0. 0. 0. 0.]\n",
      " [0. 0. 0. 0. 0.]\n",
      " [0. 0. 0. 0. 0.]]\n",
      "temp [[0. 0. 0. 0. 0.]\n",
      " [0. 0. 0. 0. 0.]\n",
      " [0. 0. 0. 0. 0.]\n",
      " [0. 0. 0. 0. 0.]\n",
      " [0. 0. 0. 0. 0.]]\n",
      "src[i,j] 122\n",
      "src[i+r,j] 111\n",
      "weight [[6.19671837e-106 6.71282488e-106 6.98678046e-106 6.98678046e-106\n",
      "  6.71282488e-106]\n",
      " [6.71282488e-106 7.27191638e-106 7.56868891e-106 7.56868891e-106\n",
      "  7.27191638e-106]\n",
      " [6.98678046e-106 7.56868891e-106 7.87757297e-106 7.87757297e-106\n",
      "  7.56868891e-106]\n",
      " [6.98678046e-106 7.56868891e-106 7.87757297e-106 7.87757297e-106\n",
      "  7.56868891e-106]\n",
      " [6.71282488e-106 7.27191638e-106 7.56868891e-106 7.56868891e-106\n",
      "  7.27191638e-106]]\n",
      "temp [[9.04720883e-104 5.50451640e-104 8.45400435e-104 7.89506192e-104\n",
      "  8.92805709e-104]\n",
      " [5.10174691e-104 1.01079638e-103 9.53654803e-104 1.08989120e-103\n",
      "  7.85366969e-104]\n",
      " [7.40598728e-104 4.38983957e-104 9.61063902e-104 9.13798464e-104\n",
      "  7.56868891e-104]\n",
      " [7.05664826e-104 8.09849714e-104 1.09498264e-103 1.27616682e-103\n",
      "  7.72006269e-104]\n",
      " [8.59241584e-104 9.59892962e-104 8.40124469e-104 7.34162825e-104\n",
      "  9.52621045e-104]]\n",
      "src[i,j] 116\n",
      "src[i+r,j] 97\n",
      "weight [[2.14195551e-314 2.32035270e-314 2.41504809e-314 2.41504809e-314\n",
      "  2.32035270e-314]\n",
      " [2.32035270e-314 2.51360807e-314 2.61619036e-314 2.61619036e-314\n",
      "  2.51360807e-314]\n",
      " [2.41504809e-314 2.61619036e-314 2.72295912e-314 2.72295912e-314\n",
      "  2.61619036e-314]\n",
      " [2.41504809e-314 2.61619036e-314 2.72295912e-314 2.72295912e-314\n",
      "  2.61619036e-314]\n",
      " [2.32035270e-314 2.51360807e-314 2.61619036e-314 2.61619036e-314\n",
      "  2.51360807e-314]]\n",
      "temp [[1.75640352e-312 2.80762677e-312 2.72900434e-312 3.21201396e-312\n",
      "  2.92364440e-312]\n",
      " [3.22529025e-312 3.16714617e-312 3.76731412e-312 2.82548559e-312\n",
      "  4.49935845e-312]\n",
      " [1.40072789e-312 3.19175224e-312 3.15863258e-312 2.72295912e-312\n",
      "  3.74115222e-312]\n",
      " [2.58410146e-312 3.63650461e-312 4.41119377e-312 2.77741830e-312\n",
      "  3.06094273e-312]\n",
      " [3.06286556e-312 2.79010496e-312 2.53770465e-312 3.42720938e-312\n",
      "  3.04146577e-312]]\n",
      "src[i,j] 100\n",
      "src[i+r,j] 131\n",
      "weight [[0. 0. 0. 0. 0.]\n",
      " [0. 0. 0. 0. 0.]\n",
      " [0. 0. 0. 0. 0.]\n",
      " [0. 0. 0. 0. 0.]\n",
      " [0. 0. 0. 0. 0.]]\n",
      "temp [[0. 0. 0. 0. 0.]\n",
      " [0. 0. 0. 0. 0.]\n",
      " [0. 0. 0. 0. 0.]\n",
      " [0. 0. 0. 0. 0.]\n",
      " [0. 0. 0. 0. 0.]]\n",
      "src[i,j] 143\n",
      "src[i+r,j] 121\n",
      "weight [[0. 0. 0. 0. 0.]\n",
      " [0. 0. 0. 0. 0.]\n",
      " [0. 0. 0. 0. 0.]\n",
      " [0. 0. 0. 0. 0.]\n",
      " [0. 0. 0. 0. 0.]]\n",
      "temp [[0. 0. 0. 0. 0.]\n",
      " [0. 0. 0. 0. 0.]\n",
      " [0. 0. 0. 0. 0.]\n",
      " [0. 0. 0. 0. 0.]\n",
      " [0. 0. 0. 0. 0.]]\n",
      "src[i,j] 155\n",
      "src[i+r,j] 130\n",
      "weight [[0. 0. 0. 0. 0.]\n",
      " [0. 0. 0. 0. 0.]\n",
      " [0. 0. 0. 0. 0.]\n",
      " [0. 0. 0. 0. 0.]\n",
      " [0. 0. 0. 0. 0.]]\n",
      "temp [[0. 0. 0. 0. 0.]\n",
      " [0. 0. 0. 0. 0.]\n",
      " [0. 0. 0. 0. 0.]\n",
      " [0. 0. 0. 0. 0.]\n",
      " [0. 0. 0. 0. 0.]]\n",
      "src[i,j] 115\n",
      "src[i+r,j] 158\n",
      "weight [[0. 0. 0. 0. 0.]\n",
      " [0. 0. 0. 0. 0.]\n",
      " [0. 0. 0. 0. 0.]\n",
      " [0. 0. 0. 0. 0.]\n",
      " [0. 0. 0. 0. 0.]]\n",
      "temp [[0. 0. 0. 0. 0.]\n",
      " [0. 0. 0. 0. 0.]\n",
      " [0. 0. 0. 0. 0.]\n",
      " [0. 0. 0. 0. 0.]\n",
      " [0. 0. 0. 0. 0.]]\n",
      "src[i,j] 146\n",
      "src[i+r,j] 128\n",
      "weight [[2.94172524e-282 3.18673291e-282 3.31678594e-282 3.31678594e-282\n",
      "  3.18673291e-282]\n",
      " [3.18673291e-282 3.45214654e-282 3.59303132e-282 3.59303132e-282\n",
      "  3.45214654e-282]\n",
      " [3.31678594e-282 3.59303132e-282 3.73966571e-282 3.73966571e-282\n",
      "  3.59303132e-282]\n",
      " [3.31678594e-282 3.59303132e-282 3.73966571e-282 3.73966571e-282\n",
      "  3.59303132e-282]\n",
      " [3.18673291e-282 3.45214654e-282 3.59303132e-282 3.59303132e-282\n",
      "  3.45214654e-282]]\n",
      "temp [[5.05976741e-280 4.74823203e-280 5.37319323e-280 4.04647885e-280\n",
      "  4.58889538e-280]\n",
      " [5.09877265e-280 4.72944077e-280 5.24582572e-280 4.41942852e-280\n",
      "  4.31518318e-280]\n",
      " [5.14101821e-280 4.13198602e-280 5.45991193e-280 6.46962167e-280\n",
      "  6.03629261e-280]\n",
      " [4.07964671e-280 6.07222293e-280 6.84358824e-280 7.25495147e-280\n",
      "  7.58129608e-280]\n",
      " [4.14275278e-280 5.45439154e-280 4.59908009e-280 8.37176297e-280\n",
      "  6.69716430e-280]]\n",
      "src[i,j] 173\n",
      "src[i+r,j] 233\n",
      "weight [[0. 0. 0. 0. 0.]\n",
      " [0. 0. 0. 0. 0.]\n",
      " [0. 0. 0. 0. 0.]\n",
      " [0. 0. 0. 0. 0.]\n",
      " [0. 0. 0. 0. 0.]]\n",
      "temp [[0. 0. 0. 0. 0.]\n",
      " [0. 0. 0. 0. 0.]\n",
      " [0. 0. 0. 0. 0.]\n",
      " [0. 0. 0. 0. 0.]\n",
      " [0. 0. 0. 0. 0.]]\n",
      "src[i,j] 168\n",
      "src[i+r,j] 194\n",
      "weight [[0. 0. 0. 0. 0.]\n",
      " [0. 0. 0. 0. 0.]\n",
      " [0. 0. 0. 0. 0.]\n",
      " [0. 0. 0. 0. 0.]\n",
      " [0. 0. 0. 0. 0.]]\n",
      "temp [[0. 0. 0. 0. 0.]\n",
      " [0. 0. 0. 0. 0.]\n",
      " [0. 0. 0. 0. 0.]\n",
      " [0. 0. 0. 0. 0.]\n",
      " [0. 0. 0. 0. 0.]]\n",
      "src[i,j] 163\n",
      "src[i+r,j] 200\n",
      "weight [[0. 0. 0. 0. 0.]\n",
      " [0. 0. 0. 0. 0.]\n",
      " [0. 0. 0. 0. 0.]\n",
      " [0. 0. 0. 0. 0.]\n",
      " [0. 0. 0. 0. 0.]]\n",
      "temp [[0. 0. 0. 0. 0.]\n",
      " [0. 0. 0. 0. 0.]\n",
      " [0. 0. 0. 0. 0.]\n",
      " [0. 0. 0. 0. 0.]\n",
      " [0. 0. 0. 0. 0.]]\n",
      "src[i,j] 152\n",
      "src[i+r,j] 199\n",
      "weight [[0. 0. 0. 0. 0.]\n",
      " [0. 0. 0. 0. 0.]\n",
      " [0. 0. 0. 0. 0.]\n",
      " [0. 0. 0. 0. 0.]\n",
      " [0. 0. 0. 0. 0.]]\n",
      "temp [[0. 0. 0. 0. 0.]\n",
      " [0. 0. 0. 0. 0.]\n",
      " [0. 0. 0. 0. 0.]\n",
      " [0. 0. 0. 0. 0.]\n",
      " [0. 0. 0. 0. 0.]]\n",
      "src[i,j] 116\n",
      "src[i+r,j] 92\n",
      "weight [[0. 0. 0. 0. 0.]\n",
      " [0. 0. 0. 0. 0.]\n",
      " [0. 0. 0. 0. 0.]\n",
      " [0. 0. 0. 0. 0.]\n",
      " [0. 0. 0. 0. 0.]]\n",
      "temp [[0. 0. 0. 0. 0.]\n",
      " [0. 0. 0. 0. 0.]\n",
      " [0. 0. 0. 0. 0.]\n",
      " [0. 0. 0. 0. 0.]\n",
      " [0. 0. 0. 0. 0.]]\n",
      "src[i,j] 113\n",
      "src[i+r,j] 92\n",
      "weight [[0. 0. 0. 0. 0.]\n",
      " [0. 0. 0. 0. 0.]\n",
      " [0. 0. 0. 0. 0.]\n",
      " [0. 0. 0. 0. 0.]\n",
      " [0. 0. 0. 0. 0.]]\n",
      "temp [[0. 0. 0. 0. 0.]\n",
      " [0. 0. 0. 0. 0.]\n",
      " [0. 0. 0. 0. 0.]\n",
      " [0. 0. 0. 0. 0.]\n",
      " [0. 0. 0. 0. 0.]]\n",
      "src[i,j] 167\n",
      "src[i+r,j] 138\n",
      "weight [[0. 0. 0. 0. 0.]\n",
      " [0. 0. 0. 0. 0.]\n",
      " [0. 0. 0. 0. 0.]\n",
      " [0. 0. 0. 0. 0.]\n",
      " [0. 0. 0. 0. 0.]]\n",
      "temp [[0. 0. 0. 0. 0.]\n",
      " [0. 0. 0. 0. 0.]\n",
      " [0. 0. 0. 0. 0.]\n",
      " [0. 0. 0. 0. 0.]\n",
      " [0. 0. 0. 0. 0.]]\n",
      "src[i,j] 171\n",
      "src[i+r,j] 95\n",
      "weight [[0. 0. 0. 0. 0.]\n",
      " [0. 0. 0. 0. 0.]\n",
      " [0. 0. 0. 0. 0.]\n",
      " [0. 0. 0. 0. 0.]\n",
      " [0. 0. 0. 0. 0.]]\n",
      "temp [[0. 0. 0. 0. 0.]\n",
      " [0. 0. 0. 0. 0.]\n",
      " [0. 0. 0. 0. 0.]\n",
      " [0. 0. 0. 0. 0.]\n",
      " [0. 0. 0. 0. 0.]]\n",
      "src[i,j] 147\n",
      "src[i+r,j] 109\n",
      "weight [[0. 0. 0. 0. 0.]\n",
      " [0. 0. 0. 0. 0.]\n",
      " [0. 0. 0. 0. 0.]\n",
      " [0. 0. 0. 0. 0.]\n",
      " [0. 0. 0. 0. 0.]]\n",
      "temp [[0. 0. 0. 0. 0.]\n",
      " [0. 0. 0. 0. 0.]\n",
      " [0. 0. 0. 0. 0.]\n",
      " [0. 0. 0. 0. 0.]\n",
      " [0. 0. 0. 0. 0.]]\n",
      "src[i,j] 139\n",
      "src[i+r,j] 137\n",
      "weight [[0.00026126 0.00028302 0.00029457 0.00029457 0.00028302]\n",
      " [0.00028302 0.00030659 0.0003191  0.0003191  0.00030659]\n",
      " [0.00029457 0.0003191  0.00033212 0.00033212 0.0003191 ]\n",
      " [0.00029457 0.0003191  0.00033212 0.00033212 0.0003191 ]\n",
      " [0.00028302 0.00030659 0.0003191  0.0003191  0.00030659]]\n",
      "temp [[0.04467521 0.05320739 0.03682103 0.05979734 0.0659432 ]\n",
      " [0.03849045 0.05671911 0.0497799  0.03573942 0.05579934]\n",
      " [0.05037116 0.04690798 0.04616534 0.0538042  0.05169451]\n",
      " [0.051844   0.03669672 0.04384046 0.02756635 0.05169451]\n",
      " [0.02688671 0.03341828 0.04371696 0.05424733 0.05304003]]\n",
      "src[i,j] 162\n",
      "src[i+r,j] 170\n",
      "weight [[0. 0. 0. 0. 0.]\n",
      " [0. 0. 0. 0. 0.]\n",
      " [0. 0. 0. 0. 0.]\n",
      " [0. 0. 0. 0. 0.]\n",
      " [0. 0. 0. 0. 0.]]\n",
      "temp [[0. 0. 0. 0. 0.]\n",
      " [0. 0. 0. 0. 0.]\n",
      " [0. 0. 0. 0. 0.]\n",
      " [0. 0. 0. 0. 0.]\n",
      " [0. 0. 0. 0. 0.]]\n",
      "src[i,j] 162\n",
      "src[i+r,j] 173\n",
      "weight [[0. 0. 0. 0. 0.]\n",
      " [0. 0. 0. 0. 0.]\n",
      " [0. 0. 0. 0. 0.]\n",
      " [0. 0. 0. 0. 0.]\n",
      " [0. 0. 0. 0. 0.]]\n",
      "temp [[0. 0. 0. 0. 0.]\n",
      " [0. 0. 0. 0. 0.]\n",
      " [0. 0. 0. 0. 0.]\n",
      " [0. 0. 0. 0. 0.]\n",
      " [0. 0. 0. 0. 0.]]\n",
      "src[i,j] 200\n",
      "src[i+r,j] 46\n",
      "weight [[0. 0. 0. 0. 0.]\n",
      " [0. 0. 0. 0. 0.]\n",
      " [0. 0. 0. 0. 0.]\n",
      " [0. 0. 0. 0. 0.]\n",
      " [0. 0. 0. 0. 0.]]\n",
      "temp [[0. 0. 0. 0. 0.]\n",
      " [0. 0. 0. 0. 0.]\n",
      " [0. 0. 0. 0. 0.]\n",
      " [0. 0. 0. 0. 0.]\n",
      " [0. 0. 0. 0. 0.]]\n",
      "src[i,j] 135\n",
      "src[i+r,j] 20\n",
      "weight [[0. 0. 0. 0. 0.]\n",
      " [0. 0. 0. 0. 0.]\n",
      " [0. 0. 0. 0. 0.]\n",
      " [0. 0. 0. 0. 0.]\n",
      " [0. 0. 0. 0. 0.]]\n",
      "temp [[0. 0. 0. 0. 0.]\n",
      " [0. 0. 0. 0. 0.]\n",
      " [0. 0. 0. 0. 0.]\n",
      " [0. 0. 0. 0. 0.]\n",
      " [0. 0. 0. 0. 0.]]\n",
      "src[i,j] 178\n",
      "src[i+r,j] 209\n",
      "weight [[0. 0. 0. 0. 0.]\n",
      " [0. 0. 0. 0. 0.]\n",
      " [0. 0. 0. 0. 0.]\n",
      " [0. 0. 0. 0. 0.]\n",
      " [0. 0. 0. 0. 0.]]\n",
      "temp [[0. 0. 0. 0. 0.]\n",
      " [0. 0. 0. 0. 0.]\n",
      " [0. 0. 0. 0. 0.]\n",
      " [0. 0. 0. 0. 0.]\n",
      " [0. 0. 0. 0. 0.]]\n",
      "src[i,j] 117\n",
      "src[i+r,j] 141\n",
      "weight [[0. 0. 0. 0. 0.]\n",
      " [0. 0. 0. 0. 0.]\n",
      " [0. 0. 0. 0. 0.]\n",
      " [0. 0. 0. 0. 0.]\n",
      " [0. 0. 0. 0. 0.]]\n",
      "temp [[0. 0. 0. 0. 0.]\n",
      " [0. 0. 0. 0. 0.]\n",
      " [0. 0. 0. 0. 0.]\n",
      " [0. 0. 0. 0. 0.]\n",
      " [0. 0. 0. 0. 0.]]\n",
      "src[i,j] 105\n",
      "src[i+r,j] 106\n",
      "weight [[0. 0. 0. 0. 0.]\n",
      " [0. 0. 0. 0. 0.]\n",
      " [0. 0. 0. 0. 0.]\n",
      " [0. 0. 0. 0. 0.]\n",
      " [0. 0. 0. 0. 0.]]\n",
      "temp [[0. 0. 0. 0. 0.]\n",
      " [0. 0. 0. 0. 0.]\n",
      " [0. 0. 0. 0. 0.]\n",
      " [0. 0. 0. 0. 0.]\n",
      " [0. 0. 0. 0. 0.]]\n",
      "src[i,j] 68\n",
      "src[i+r,j] 102\n",
      "weight [[0. 0. 0. 0. 0.]\n",
      " [0. 0. 0. 0. 0.]\n",
      " [0. 0. 0. 0. 0.]\n",
      " [0. 0. 0. 0. 0.]\n",
      " [0. 0. 0. 0. 0.]]\n",
      "temp [[0. 0. 0. 0. 0.]\n",
      " [0. 0. 0. 0. 0.]\n",
      " [0. 0. 0. 0. 0.]\n",
      " [0. 0. 0. 0. 0.]\n",
      " [0. 0. 0. 0. 0.]]\n",
      "src[i,j] 101\n",
      "src[i+r,j] 89\n",
      "weight [[6.52552701e-126 7.06901902e-126 7.35751115e-126 7.35751115e-126\n",
      "  7.06901902e-126]\n",
      " [7.06901902e-126 7.65777688e-126 7.97029668e-126 7.97029668e-126\n",
      "  7.65777688e-126]\n",
      " [7.35751115e-126 7.97029668e-126 8.29557066e-126 8.29557066e-126\n",
      "  7.97029668e-126]\n",
      " [7.35751115e-126 7.97029668e-126 8.29557066e-126 8.29557066e-126\n",
      "  7.97029668e-126]\n",
      " [7.06901902e-126 7.65777688e-126 7.97029668e-126 7.97029668e-126\n",
      "  7.65777688e-126]]\n",
      "temp [[6.19925066e-124 6.99832883e-124 5.59170848e-124 1.02269405e-123\n",
      "  8.90696396e-124]\n",
      " [4.59486236e-124 4.97755497e-124 8.44851449e-124 4.62277208e-124\n",
      "  9.34248780e-124]\n",
      " [7.72538671e-124 5.41980175e-124 8.37852637e-124 8.87626061e-124\n",
      "  1.10787124e-123]\n",
      " [4.41450669e-124 8.60792042e-124 1.06183304e-123 1.09501533e-123\n",
      "  8.84702932e-124]\n",
      " [7.49316016e-124 7.81093242e-124 7.09356405e-124 7.73118778e-124\n",
      "  6.50911035e-124]]\n",
      "src[i,j] 107\n",
      "src[i+r,j] 97\n",
      "weight [[1.07777970e-87 1.16754481e-87 1.21519322e-87 1.21519322e-87\n",
      "  1.16754481e-87]\n",
      " [1.16754481e-87 1.26478619e-87 1.31640310e-87 1.31640310e-87\n",
      "  1.26478619e-87]\n",
      " [1.21519322e-87 1.31640310e-87 1.37012653e-87 1.37012653e-87\n",
      "  1.31640310e-87]\n",
      " [1.21519322e-87 1.31640310e-87 1.37012653e-87 1.37012653e-87\n",
      "  1.31640310e-87]\n",
      " [1.16754481e-87 1.26478619e-87 1.31640310e-87 1.31640310e-87\n",
      "  1.26478619e-87]]\n",
      "temp [[1.06700190e-85 8.87334055e-86 1.68911857e-85 1.53114345e-85\n",
      "  1.68126453e-85]\n",
      " [7.58904126e-86 1.34067336e-85 7.63513796e-86 1.60601178e-85\n",
      "  1.46715198e-85]\n",
      " [8.26331388e-86 1.32956713e-85 1.46603538e-85 1.90447587e-85\n",
      "  2.13257302e-85]\n",
      " [1.31240867e-85 1.68499596e-85 1.80856701e-85 1.52084044e-85\n",
      "  1.27691100e-85]\n",
      " [1.19089571e-85 1.12565971e-85 1.27691100e-85 1.11894263e-85\n",
      "  1.72010922e-85]]\n",
      "src[i,j] 139\n",
      "src[i+r,j] 85\n",
      "weight [[0. 0. 0. 0. 0.]\n",
      " [0. 0. 0. 0. 0.]\n",
      " [0. 0. 0. 0. 0.]\n",
      " [0. 0. 0. 0. 0.]\n",
      " [0. 0. 0. 0. 0.]]\n",
      "temp [[0. 0. 0. 0. 0.]\n",
      " [0. 0. 0. 0. 0.]\n",
      " [0. 0. 0. 0. 0.]\n",
      " [0. 0. 0. 0. 0.]\n",
      " [0. 0. 0. 0. 0.]]\n",
      "src[i,j] 162\n",
      "src[i+r,j] 136\n",
      "weight [[0. 0. 0. 0. 0.]\n",
      " [0. 0. 0. 0. 0.]\n",
      " [0. 0. 0. 0. 0.]\n",
      " [0. 0. 0. 0. 0.]\n",
      " [0. 0. 0. 0. 0.]]\n",
      "temp [[0. 0. 0. 0. 0.]\n",
      " [0. 0. 0. 0. 0.]\n",
      " [0. 0. 0. 0. 0.]\n",
      " [0. 0. 0. 0. 0.]\n",
      " [0. 0. 0. 0. 0.]]\n",
      "src[i,j] 102\n",
      "src[i+r,j] 146\n",
      "weight [[0. 0. 0. 0. 0.]\n",
      " [0. 0. 0. 0. 0.]\n",
      " [0. 0. 0. 0. 0.]\n",
      " [0. 0. 0. 0. 0.]\n",
      " [0. 0. 0. 0. 0.]]\n",
      "temp [[0. 0. 0. 0. 0.]\n",
      " [0. 0. 0. 0. 0.]\n",
      " [0. 0. 0. 0. 0.]\n",
      " [0. 0. 0. 0. 0.]\n",
      " [0. 0. 0. 0. 0.]]\n",
      "src[i,j] 117\n",
      "src[i+r,j] 159\n",
      "weight [[0. 0. 0. 0. 0.]\n",
      " [0. 0. 0. 0. 0.]\n",
      " [0. 0. 0. 0. 0.]\n",
      " [0. 0. 0. 0. 0.]\n",
      " [0. 0. 0. 0. 0.]]\n",
      "temp [[0. 0. 0. 0. 0.]\n",
      " [0. 0. 0. 0. 0.]\n",
      " [0. 0. 0. 0. 0.]\n",
      " [0. 0. 0. 0. 0.]\n",
      " [0. 0. 0. 0. 0.]]\n",
      "src[i,j] 123\n",
      "src[i+r,j] 139\n",
      "weight [[0. 0. 0. 0. 0.]\n",
      " [0. 0. 0. 0. 0.]\n",
